saves/ace04ner_models/pruner/cross_bert/biafencoder_seq512-spanlen8-rank1024-hid1024-span512-entnum3-18-lr1e-5-extraattn/ace05-bert-0	train	0.5646391586050935	0.39384076114171257	0.9970209799074602	0.406980053294699	0.25566805896406575	0.9970843633136844
saves/ace04ner_models/pruner/cross_bert/biafencoder_seq512-spanlen8-rank1024-hid1024-span512-entnum3-18-lr1e-5-extraattn/ace05-bert-0	dev	0.6141414141414142	0.44383881642982287	0.9965034965034965	0.46102517440097057	0.299881625674076	0.9965034965034965
saves/ace04ner_models/pruner/cross_bert/biafencoder_seq512-spanlen8-rank1024-hid1024-span512-entnum3-18-lr1e-5-extraattn/ace05-bert-0	test	0.5755102040816326	0.4046086956521739	0.9963597430406852	0.4180405192938323	0.2645102609288841	0.9963597430406852
saves/ace04ner_models/pruner/cross_bert/biafencoder_seq512-spanlen8-rank1024-hid1024-span512-entnum3-18-lr1e-5-extraattn/ace05-bert-1	train	0.6485898468976632	0.4804942840939617	0.9975831939022123	0.4613158347183219	0.3000242270634935	0.9976451632893351
saves/ace04ner_models/pruner/cross_bert/biafencoder_seq512-spanlen8-rank1024-hid1024-span512-entnum3-18-lr1e-5-extraattn/ace05-bert-1	dev	0.6843408594319009	0.5215364120781527	0.9949174078780177	0.5091579061450091	0.3421205942324497	0.9949174078780177
saves/ace04ner_models/pruner/cross_bert/biafencoder_seq512-spanlen8-rank1024-hid1024-span512-entnum3-18-lr1e-5-extraattn/ace05-bert-1	test	0.6534883720930232	0.48655200277040284	0.9948076469199906	0.47699881174673225	0.3137094373325394	0.9948076469199906
saves/ace04ner_models/pruner/cross_bert/biafencoder_seq512-spanlen8-rank1024-hid1024-span512-entnum3-18-lr1e-5-extraattn/ace05-bert-2	train	0.6010695187165775	0.43021570932553244	0.9970221123994171	0.41218994735325704	0.25979364424267437	0.9970854717100678
saves/ace04ner_models/pruner/cross_bert/biafencoder_seq512-spanlen8-rank1024-hid1024-span512-entnum3-18-lr1e-5-extraattn/ace05-bert-2	dev	0.6430218123780812	0.4749803510610427	0.9950603732162459	0.4592780240658645	0.29853449695372963	0.9950603732162459
saves/ace04ner_models/pruner/cross_bert/biafencoder_seq512-spanlen8-rank1024-hid1024-span512-entnum3-18-lr1e-5-extraattn/ace05-bert-2	test	0.6128643700313178	0.4434373365870664	0.991812865497076	0.4274373083546856	0.272420624297264	0.991812865497076
saves/ace04ner_models/pruner/cross_bert/biafencoder_seq512-spanlen8-rank1024-hid1024-span512-entnum3-18-lr1e-5-extraattn/ace05-bert-3	train	0.5210796999377599	0.35272074149629695	0.9969290549009777	0.4066722055346073	0.2554312047399605	0.9969917272499373
saves/ace04ner_models/pruner/cross_bert/biafencoder_seq512-spanlen8-rank1024-hid1024-span512-entnum3-18-lr1e-5-extraattn/ace05-bert-3	dev	0.572796464522465	0.4017565007749268	0.9974348011970928	0.46202594316268936	0.3006443298969072	0.9974348011970928
saves/ace04ner_models/pruner/cross_bert/biafencoder_seq512-spanlen8-rank1024-hid1024-span512-entnum3-18-lr1e-5-extraattn/ace05-bert-3	test	0.5028766733124467	0.3365611894776973	0.9941441441441441	0.3970495637312224	0.2480611442059121	0.9941441441441441
saves/ace04ner_models/pruner/cross_bert/biafencoder_seq512-spanlen8-rank1024-hid1024-span512-entnum3-18-lr1e-5-extraattn/ace05-bert-4	train	0.5585199410171119	0.3876011423131842	0.9990798675009201	0.41137098403717925	0.25900893737476544	0.9990798675009201
saves/ace04ner_models/pruner/cross_bert/biafencoder_seq512-spanlen8-rank1024-hid1024-span512-entnum3-18-lr1e-5-extraattn/ace05-bert-4	dev	0.5892905680891547	0.41829056530966624	0.9967816091954023	0.4487219290075546	0.28952991452991456	0.9967816091954023
saves/ace04ner_models/pruner/cross_bert/biafencoder_seq512-spanlen8-rank1024-hid1024-span512-entnum3-18-lr1e-5-extraattn/ace05-bert-4	test	0.5464814333939236	0.37762425982415215	0.988492249882574	0.40181340968742546	0.25214110319219024	0.9887271019257867