saves/scire_models/hyerre/nocross/baseline/hyper_entcat_ent256-relbiaf_entinput_rel384-fp16_lr1e-5-1e-5-scale0.95-epoch20	train	0.9996864220758859	0.9903696800248525	0.9950062421972534	0.8839761680777674	0.8757378067722895	0.8798377028714107	0.8092381523695261	0.963915684172919	0.879830425566607
saves/scire_models/hyerre/nocross/baseline/hyper_entcat_ent256-relbiaf_entinput_rel384-fp16_lr1e-5-1e-5-scale0.95-epoch20	dev	0.5415676959619953	0.5010989010989011	0.5205479452054794	0.42755344418052255	0.3956043956043956	0.41095890410958896	0.5700440528634361	0.7977805178791615	0.6649537512846865
saves/scire_models/hyerre/nocross/baseline/hyper_entcat_ent256-relbiaf_entinput_rel384-fp16_lr1e-5-1e-5-scale0.95-epoch20	test	0.5402038505096263	0.48973305954825463	0.5137318255250405	0.39977349943374857	0.3624229979466119	0.38018309100700054	0.5389344262295082	0.7804154302670623	0.6375757575757576
saves/scire_models/hyerre/nocross/baseline/hyper_entcat_ent256-relbiaf_entinput_rel384-fp16_lr1e-5-5e-5-scale0.95-epoch30	train	0.9996864220758859	0.9903696800248525	0.9950062421972534	0.8839761680777674	0.8757378067722895	0.8798377028714107	0.8092381523695261	0.963915684172919	0.879830425566607
saves/scire_models/hyerre/nocross/baseline/hyper_entcat_ent256-relbiaf_entinput_rel384-fp16_lr1e-5-5e-5-scale0.95-epoch30	dev	0.5415676959619953	0.5010989010989011	0.5205479452054794	0.42755344418052255	0.3956043956043956	0.41095890410958896	0.5700440528634361	0.7977805178791615	0.6649537512846865
saves/scire_models/hyerre/nocross/baseline/hyper_entcat_ent256-relbiaf_entinput_rel384-fp16_lr1e-5-5e-5-scale0.95-epoch30	test	0.5402038505096263	0.48973305954825463	0.5137318255250405	0.39977349943374857	0.3624229979466119	0.38018309100700054	0.5389344262295082	0.7804154302670623	0.6375757575757576
saves/scire_models/hyerre/nocross/fgnn/hyper_entcat_ent256-relbiaf_entinput_rel384-fp16_lr1e-5-1e-5-scale0.95-epoch20	train	0.9996864220758859	0.9903696800248525	0.9950062421972534	0.8839761680777674	0.8757378067722895	0.8798377028714107	0.8092381523695261	0.963915684172919	0.879830425566607
saves/scire_models/hyerre/nocross/fgnn/hyper_entcat_ent256-relbiaf_entinput_rel384-fp16_lr1e-5-1e-5-scale0.95-epoch20	dev	0.5415676959619953	0.5010989010989011	0.5205479452054794	0.42755344418052255	0.3956043956043956	0.41095890410958896	0.5700440528634361	0.7977805178791615	0.6649537512846865
saves/scire_models/hyerre/nocross/fgnn/hyper_entcat_ent256-relbiaf_entinput_rel384-fp16_lr1e-5-1e-5-scale0.95-epoch20	test	0.5402038505096263	0.48973305954825463	0.5137318255250405	0.39977349943374857	0.3624229979466119	0.38018309100700054	0.5389344262295082	0.7804154302670623	0.6375757575757576
saves/scire_models/hyerre/nocross/fgnn/hyper_entcat_ent256-relbiaf_rel384-relhid768-relrank768-mode3_fp16_lr1e-5-1e-5-scale0.95-epoch20	train	0.9993742177722152	0.9922336129232681	0.9957911145752144	0.968397997496871	0.9614787200994097	0.9649259547934529	0.9463098687574569	0.9917827795641301	0.9685128652420409
saves/scire_models/hyerre/nocross/fgnn/hyper_entcat_ent256-relbiaf_rel384-relhid768-relrank768-mode3_fp16_lr1e-5-1e-5-scale0.95-epoch20	dev	0.5278396436525612	0.5208791208791209	0.5243362831858408	0.42538975501113585	0.4197802197802198	0.42256637168141586	0.5767562879444926	0.8199753390875463	0.6771894093686355
saves/scire_models/hyerre/nocross/fgnn/hyper_entcat_ent256-relbiaf_rel384-relhid768-relrank768-mode3_fp16_lr1e-5-1e-5-scale0.95-epoch20	test	0.5338345864661654	0.5102669404517454	0.521784776902887	0.39742212674543503	0.3798767967145791	0.38845144356955386	0.5574927355749274	0.797032640949555	0.6560820713238886